10051189
10051217
10072304
10096022
10096603
10192784
10195179
10213387
10234037
10336114
10340556
10368399
10375501
10377338
10380072
10421706
10457084
10465456
10478936
10482815
10493741
10530822
10531424
10531454
10564363
10564371
10595521
10634879
10643801
10650881
10684885
10691242
10693969
10723052
10727704
10757785
10781735
10793320
10816608
10823894
10825482
10826530
10844027
10859139
10864945
10880674
10885743
10900072
10908609
10973589
10976971
10985857
10989944
10993879
10999514
11002292
11013020
11023860
11038374
11055441
11069934
11073206
11074153
11074157
11074158
11074447
11098112
11102470
11113516
11118504
11152700
11160499
11160500
11161633
11164650
11169505
11169773
11172925
11176100
11188895
11206328
11222921
11245702
11248111
11277576
11301206
11303755
11322150
11329180
11336348
11360300
11368953
11378304
11387389
11414796
11422448
11430468
11438920
11440806
11483307
11487628
11498930
11504920
11507773
11516401
11517242
11517262
11530226
11673518
11675508
11698153
11714668
11726243
11741398
11746393
11746444
11746718
11749041
11784726
11818848
11821146
11844579
11846438
11860501
11867392
11877515
11879654
11897100
12000121
12068038
12088757
12111813
12117599
12117812
12127093
12139919
12140368
12140787
12176105
12177195
12205162
12205171
12213266
12237870
12351712
12351720
12352983
12354294
12372017
12372700
12383237
12391
12401446
12440582
12450221
12452540
12473692
12488344
12493610
12512936
12533622
12581165
12595748
12608696
12649319
12665602
12670315
12672016
12686572
12710011
12710993
12711083
12730953
12738769
12740174
12763079
12774854
12781988
12802180
12815865
12824049
12832518
12832547
12834915
1284975
1289052
12915512
12948448
12962314
1312915
1360320
1364048
1374769
1383888
1384770
1431890
1446778
14504515
14519453
1454217
14586006
14620875
14635222
14637114
14657182
14664829
14668299
14688203
14704216
1472295
14725624
14726436
14732459
1475057
14756804
14766771
14967845
14985255
14991404
14992271
15006096
15020083
15026125
15050705
15053957
15056619
15062977
15066048
15080077
15084654
15094128
15123767
15135163
15144863
15147321
15152037
15155538
15240797
15240808
15248193
15252819
15254016
15254905
15269228
15273397
15331354
15331688
15339647
15371307
15372493
15374443
15380379
15390176
1539633
15456729
15468085
15470154
15501805
15509748
15509751
15605989
15649470
15673440
15677881
15679844
15679892
15691760
15694269
15702244
15703400
15723232
15737436
1578270
15813997
15823252
15837129
15862533
15862896
15882783
15890699
15890705
15895827
15899248
15927762
15929072
15935995
15939086
15965470
15970382
15985795
15986406
15987269
15989761
16002454
16023684
16037085
16078233
16081055
16102862
16112456
1613136
16134949
16135550
16154964
16169125
16189515
16201992
16207881
16219627
16231084
16256837
16260611
16273294
16298139
16299264
16322053
16340465
16359645
16361950
16369145
16387643
16399703
16399805
16411229
16412535
16421194
16421295
16424077
16425218
16439462
16495455
16498619
16499748
16499899
16508305
16519659
16527424
16530184
16546349
16564642
16571111
16624563
16631314
16677773
16682644
16690755
16700096
16707807
16713116
16733819
16766127
16766130
16781680
16787415
16807350
16840518
16848927
16855110
16914677
16914684
16915384
16916906
1692633
16930429
16930432
16967497
16983661
16997755
17011600
1701830
17035536
1705153
17082230
17108064
17108161
17121701
17123554
17151270
17159991
17162876
17184532
17220543
17241157
1724784
17259176
17263797
17274982
17286587
17303637
17304583
17329418
17336937
17346899
17382931
17391983
17394461
17394550
17395644
17396120
17402968
17409173
17425558
17430589
17435391
17442834
17455147
17459526
17513050
17525149
17535563
17574753
17577523
17618726
17621419
17668862
17671987
17676634
17693396
17700112
17761775
17785345
17825174
17885259
17901403
17915208
17921188
17924526
17924978
17942692
17961065
17968008
17970745
17981402
17994198
18022144
18094230
18095590
18196275
18199426
18202311
18207404
18222016
18258373
18270822
18287499
18306285
18336953
1834567
18350150
18354022
18358620
18358697
18369649
18384650
18385258
18385338
18406178
18414675
18438915
18445222
18448657
18453977
18482715
18510752
18513405
18559277
18562122
18599505
18614288
18616670
18641876
18644352
18650312
18660449
18663366
18667620
1869930
18701695
18755742
18761709
18768689
18783375
18787118
18789341
18798275
18804455
18818381
18837050
18852032
18853233
18929598
18945906
18946517
18946522
18958191
18977252
19031444
19037081
19038222
19052542
19070638
19077121
19084506
19087172
19135128
19135151
19150975
19171076
19194165
19208690
19215437
19225596
19234458
19240744
19245825
19261884
19267957
19272417
19276370
19286963
19295155
19302157
19341733
19341776
19344768
19363146
19369487
19371720
19376067
19385065
19393263
19398205
19420879
19425178
19439244
19447095
19472220
19476544
19477153
1948979
19490080
19531372
19535596
19576515
19583702
19585150
19592619
19596850
19598242
19640478
19651169
19653094
1966016
19666823
19675286
19685205
19692604
19710321
19717644
19735292
19741127
19744850
19753094
19780901
19784574
19788577
19824897
19837066
19837939
19846723
19879657
19894548
19897373
19912472
19914331
19922651
19948656
19951691
19955470
19956720
20002144
20006678
20009832
20025816
20025910
20026672
20058304
20062809
20076774
20105242
20107074
20117153
20132469
20147548
20158467
20169084
20204630
20229602
20237259
20357118
20369072
20375339
20392936
20404145
20405001
20406684
20429905
20438808
20445069
20457735
20473509
20479255
20501140
20520600
20529126
20529343
20531390
20531945
20534434
20554867
20554873
20580702
20589492
20592220
20593517
20610481
2062455
20626560
20657843
20659956
20662840
20704740
20711301
20808441
20810897
20833221
20844750
20858739
20861366
20861429
20875465
20884331
20950333
20958799
20962075
20962216
20962237
20967883
2097525
2098637
21054347
21076037
21080783
21112567
21115639
21124905
21130785
21131950
21144461
21159980
21166226
21167139
21173082
21185265
21195136
21218036
21220099
21224009
21266410
21270645
21270771
21286727
21299846
21308001
21319224
21325526
21328570
21331324
21347298
21350600
21352896
21366558
21381115
21389227
21421691
21429377
21430151
21452596
21455301
21507200
21576272
21602192
21606111
21616983
21618259
21645527
2166245
21664350
21690261
21721568
21734292
21749203
21750038
21771589
2177433
21781978
21785728
21795626
21800304
21830236
21833990
21836083
21839137
21844002
21854789
21856347
21862221
21871565
21895658
21896311
21905079
21905165
2193167
21948257
21948870
21949760
21953949
21964764
21986206
21990162
21997444
22016523
22019477
22019785
22021912
22027234
22028031
2203104
22071110
22072678
22090481
22099465
22170963
22170966
22171217
22179109
22183722
22204004
22235322
22236961
22260796
22269328
22274713
22281445
22285885
22286749
22309705
22310969
22332872
22334647
22354480
22362148
22371232
22374686
22427906
22436802
22490561
22512307
22529900
22539863
22563382
22563923
22572769
22573620
22593060
22627280
22683779
22692774
22698581
22707385
22709946
22726836
22750001
22771518
22771532
22776033
22781142
22787041
22792368
22796081
22805283
22811762
22814001
22815864
22815977
22826151
22836144
22836445
22860119
22886530
2289414
22900037
22951640
22956843
22984583
22996230
23000427
23026365
23041929
23042735
23052836
23091025
23100420
23104989
2313342
23151902
23152631
23180754
2319308
23211964
23221411
23223307
23241407
23258346
23260046
23265688
23277545
23280954
23281078
23283686
23283697
23312517
23321442
23325252
23340048
23343900
23349938
23362081
23382206
23391880
23403473
23450426
23478321
23486201
23505557
23515786
23536022
23545271
23548604
23554226
23587546
23595603
23602477
23610409
23610691
23616537
23616559
23637331
23644586
23651513
2367064
23685352
23685882
23688253
23700106
23706172
23713946
23720653
23722246
23727062
23749599
23770986
23785432
23787922
23798419
23806715
2381514
23826333
23831296
23850641
23851347
23861058
23867766
23880056
23880857
23881919
23912123
23913275
23918452
23935583
23939786
23943439
23951173
23965744
23966696
23977374
23982588
24006052
24027504
24034252
24062445
2409273
2412101
24122238
24123220
24123649
24129735
24141719
24155296
24178831
24190599
24198368
24201284
24211711
24218590
24228616
24248861
24252195
24252600
24293318
24312340
24314267
24315988
24316060
24317693
24339157
24341850
24346699
24375019
24379414
24390441
24403160
24409333
24421351
24434335
24434769
24440718
2445442
24461366
24462842
24470341
24470394
24475059
24478700
24480781
24492996
2449541
24516656
2455677
24571095
24572357
2458169
24587018
24613411
24614806
24619244
24623080
24627565
24631632
24632247
24634780
24641084
24657873
24657965
24671993
24680746
24715114
24740847
24749558
24753432
24758381
24782733
24792162
24794528
24806298
24811319
24814341
24818819
24829408
24829793
2483102
24836203
24853943
24858313
24867427
24868596
24899703
24899717
24903596
24905230
24917498
24920626
24944224
24946277
24954469
24954634
24966372
24966377
24970310
24971630
24973657
24983337
24983448
24993945
24998635
25018691
25018711
25043492
25050822
25058502
25071449
25135859
25143350
25153709
25155877
25158674
25171072
25206366
25206695
25209274
25210490
25220633
25262495
25275124
25282615
25285951
25318671
25319703
25326653
25333478
25381841
25381879
25392570
25395088
25400545
25405036
25411504
25421748
25421913
25424867
25426461
25463028
25465241
25467980
25481743
25484256
2548663
25490618
2549170
25511996
25530119
25541037
25542980
25564229
25564653
25603414
25607655
25609607
25619597
25620912
25632072
25658314
25662897
25667035
25670001
25719751
25735038
25736255
25739948
25747407
25747715
25748530
25749374
25749891
25752299
25756904
25757361
25769285
25795298
25810090
25813705
25815032
25821912
25833104
25837696
25841791
25855695
25869785
25873382
25875176
25881906
25891347
25904808
25924998
25933382
25948871
25953616
25972170
25988834
25993409
26018557
26025034
26038197
26059811
26112121
26121341
26123028
26123307
26124113
26134653
26148976
26171253
26174710
26188144
26190171
26204819
26206614
26207932
26224856
26228571
26235046
26250622
26269648
26278036
26317208
26329786
26377473
26384974
26388722
26393490
26398942
26402609
26441011
26446842
26454085
26455477
26460748
26467515
26469249
26469251
26482843
26498254
26507463
26528143
26553654
26562048
26577374
26577399
26594149
26606998
26609148
26632397
26634295
26638112
26646071
26647382
26655467
26657011
26671447
26675129
26684398
26691438
26707655
26720915
26728245
26747884
26752851
26758871
26769971
26773250
26778784
26779018
26793050
26797817
26804001
26804026
26819760
26831726
26842915
26843650
26873632
26879760
26881122
26888940
26898775
26915960
26929410
26946972
26971580
27018292
27018320
27018986
27022627
27030321
27030712
27030759
27031874
27050514
27076431
27079422
27092056
27105708
27112526
27117475
27118846
27127491
27133058
27147975
27154504
27155257
27170128
27178324
27184733
27185549
27189455
27190038
27209022
27239035
27251371
27258478
27259005
27277805
27287299
27291422
27300003
27330745
27339986
27353717
27362579
27362800
27377724
27381274
27417499
27445335
27455251
27457036
27458119
27463612
27470366
27472419
2748023
27488927
27489367
27493534
27534825
27545712
27569418
27576186
27585883
27587342
27605614
27605670
27609281
27615800
27619407
27620881
27639291
27642615
27646171
27647309
27649978
2765199
27658224
27664851
27666728
27670698
27685016
27693308
27698367
27704595
27708533
27717808
27719761
27733592
27746132
27756764
27777112
27777138
27783694
27802276
27840189
27856599
27858201
27859594
27865768
27880803
27881777
27889927
27911756
27919687
27923631
27927785
27935475
27939396
27940202
27956068
27965425
27965439
27974614
27978830
27983986
27994070
27995326
28012818
28063167
28065797
28069795
28089852
28089870
28099850
28104388
28125674
28151564
28167675
28176118
28183698
28188216
28189728
28193238
28202061
28223211
28230075
28232789
28235897
28237844
28242439
28253550
28254465
28256010
28257887
28258200
28264982
28268246
28275653
28278052
28285405
28286175
28286184
28315308
28334184
28334780
28334918
28341829
28343921
28362944
28363799
28365849
28390892
28394253
2839669
28406573
28408868
28433741
28440309
284423
28442943
28448983
28450079
28453788
28462942
28469664
28472655
28473753
28476069
28477266
28482867
28487338
28500299
28501652
28501777
28506991
28506995
28507133
28509082
28512010
28512685
28515277
2852324
28525574
28546087
28567003
28567989
28573150
28575529
28577987
28587745
2859083
28604222
28614084
28619817
28620309
28621422
28623606
28625535
28628625
28637693
28642362
28645917
28647555
28659070
28669622
28671692
28675430
28676344
28683067
28686747
28698301
28704657
28725186
28729439
28733355
28734788
28735382
28737509
28741432
28746879
28752318
28760863
28765370
28771716
28785728
28789474
28790168
28808337
28811280
28813139
28813474
2881986
28821666
28822057
28827178
28829742
28833556
28833685
28834748
28835932
28842831
28855864
28861887
28875233
2888043
28883788
28904018
28910378
28919310
28919807
28923486
28930663
28931573
28934196
28943240
28947179
28949445
28953319
28957438
28959031
28965513
28966634
28968898
28973852
28975414
28982687
28987541
29022246
29024713
29040749
29052614
29054751
2905533
29078805
29087938
29089436
29107300
29114104
29114585
29115005
29121220
29128566
29131145
29137924
29150182
29150838
29161318
29163059
29163139
29175488
29184203
29190358
29190819
29196262
29207398
29211732
29218821
29223677
29234490
29239336
29239730
29244098
29249816
29250792
29253508
29253893
29255002
29257086
2925892
29268099
29275206
29276142
29277616
29292696
29301063
29305854
29311837
29317663
29318783
29325092
29326685
29327199
29330091
29337010
29344669
29351423
29354034
29355673
29361666
29364875
29368690
29378214
2937912
29382532
29392777
29394516
29407438
29407729
29410616
29411422
29417763
29429934
29436030
29437824
29437855
29437957
29437972
29438802
29444425
29452604
29472246
29474907
29476752
29488136
29490266
29491012
29495919
29500819
29501892
29510579
29511131
29516589
29530987
29536271
29546879
29548728
29551491
29568513
29573353
29574880
29624516
29625118
29632244
29637443
29643508
29654253
29659809
29660252
29665106
29671236
29679561
29679562
29689292
29705288
29720962
29723257
29727702
29732603
29740596
29748916
29750247
29752656
29753863
29753864
29769391
29772246
29775702
29777753
29779941
29782989
29784049
29788232
29789374
29792854
29798726
2983351
29848111
29863287
29864941
29867369
29869055
29875450
29878134
29891676
29891944
29907377
29908254
29908973
29912324
29913405
29920043
29920672
29923650
29925625
2993539
29940337
29945658
29948940
29950413
29958899
29959235
29967281
2996958
29969654
29973246
29973871
29975682
29980564
29981053
29981320
29984400
29987580
29997178
30006805
30012125
30013050
30014463
30016640
30020934
30024789
30024947
30026247
30031110
30034322
30037831
30050576
30055071
30057274
30071239
30072733
30077883
30092230
30100087
30103794
30104963
30108129
30121753
30134068
30135145
30135584
30143513
30152028
3015352
30154457
30158859
30161282
30169530
30175048
30175143
30176250
30176349
30181277
30185462
30189184
30199283
30210818
30216538
30217533
30224493
30224804
30240148
30240734
30254235
30272140
30281395
30283032
30290271
30293821
30294880
30297374
30297736
30306660
3031235
30315415
30336179
30338292
30341743
30352064
30355492
30368985
30369876
30376688
30377803
30384863
30391731
30392441
30396264
30405104
30416422
30440653
30447391
30449309
30450647
30453020
30463396
30467478
30470893
30472747
30484771
30499042
30503207
30504125
30515075
30518789
30527678
30529693
30530093
30545741
30547091
30552946
30559305
30579765
30582962
30587544
30589940
30611209
30614539
30614910
30617209
30618119
30622227
30625885
30626697
30628008
30629659
30632204
30641974
30645585
30648615
30651882
30659840
30661113
30665021
30684125
30684239
30687021
30696729
30699850
30721665
30733663
30744972
3074915
30770253
30784351
30793389
30804682
30809588
30813567
30820902
30822688
30825601
30828870
30837688
30838929
30846615
30853882
30862590
30868916
30877797
30890920
30895336
30898683
30899454
30914306
3091774
30918278
30926666
30930930
30931101
30937145
30943384
30952666
30955841
30962951
30963545
30989755
31001083
31007733
31009095
31015738
31018143
31028571
31033097
31034808
31037734
31046739
31056946
31064784
31070778
31070827
31071414
31072410
31085430
31085610
31091406
31102306
31118204
31120189
31122677
31122931
31130994
31132386
31142467
31143101
31147466
3116210
31169193
31175682
31201815
31219639
31225596
31228951
31235466
31235555
31239755
31247197
31266356
31272467
31278333
31292883
31299388
31312907
31313871
31314648
31315945
31319858
31324261
31328154
31331224
31332839
31337984
31338559
31340148
31346000
31361780
31363896
31364375
31379487
31385342
31387938
31390535
31442201
31444227
31447328
31461643
31462325
31464029
31472221
31474569
31481878
31489964
31491374
31498149
31498778
31511429
31513790
31514314
31518399
31526806
31534449
31539539
31543760
31548367
31555096
31566562
31582804
31591086
31601998
31607482
31607539
31608978
31618630
31627485
31628935
31632578
31638099
31648402
31649012
31665647
31678404
31680979
31682955
31691891
31699896
31702067
31704703
31719045
31729450
31732915
31744864
31753914
31754327
31760535
31760579
31766248
31780740
31813957
31825841
31829283
31836554
31837353
31837649
31851560
31853718
31867667
31874217
31879367
31883822
31906137
31911460
31915148
31921846
31924768
31932351
31964231
31964703
31977939
31978364
31978396
31978606
31982472
31982676
31998697
32005260
32038175
32041791
32044379
32047055
32047912
32049024
32049434
32084325
32094111
32095235
32097653
32098213
32101460
32102661
32107360
32107637
32108971
32111698
32115408
32117963
32122108
32123378
32134140
32135573
32142877
32149862
32150529
32150788
32154671
32169905
32180149
32203578
32208887
32212416
32220495
32223017
32238932
32244845
32246536
32246635
32246781
32253702
32265666
32269108
32271404
32272884
32286225
32302557
32307758
32316628
32318567
32321587
32325975
32358570
32363773
32366678
32372403
32375878
32378629
32380146
32381108
32381505
32385244
32385967
32420992
32424053
32427396
32432511
32436302
32452569
32452758
32457323
32457905
32466671
32468731
32469107
32483199
32488350
3249235
32501282
32502570
32504049
32515097
32518258
32523952
32541002
32541010
32541011
32570968
32572506
32581725
32586947
32592286
32593591
32594056
32598937
32604953
32607551
32613425
32629457
32633424
32633719
32640227
32640906
32645240
32650794
32654187
32654560
32668265
32691304
32697973
32700620
32702387
32703437
32708382
32709691
32713114
3272159
32727894
32736087
32737185
3275424
32763162
32781002
32799373
32805917
32812219
32816463
32818602
32848599
32851638
32859212
32864611
32866269
32866886
32873991
32877674
32887689
32891623
32892947
32899855
32908004
32916705
32919096
32930383
32931849
32933545
32939037
32940375
32949572
32954283
32956517
32958647
32958745
32970902
32985465
33004176
33013316
33015062
33028376
33035696
33060174
33067994
33072742
33087680
33089105
33096484
33096935
33108272
33115476
33131726
33147455
33147489
33154463
33155500
33157020
33171974
33172595
33184218
33192323
33192328
33192618
33196576
33199411
33200984
33212222
33224039
33224948
33239400
33246331
33268792
33272299
33301817
33317583
33322598
33323375
33328293
33331648
33332551
33344708
33344712
33355355
33358912
33360775
33362471
33372130
33376209
33378713
33381863
33387461
33389472
33395598
33413694
33417168
33418068
33423680
33436499
33436697
33441399
33445319
33451281
33452820
33459505
33462112
33465082
33479787
33484098
33500277
33510056
33518671
33520982
33525864
33527219
33527421
33531433
33554859
33555315
33557607
33558485
33559388
33569802
33570783
33572154
33575111
33575344
33579535
33584315
33593734
33595155
33597191
33597821
33598769
33611821
33614631
33619236
33621215
3362427
33634123
33644757
33649184
33658306
33661806
33677759
33679340
33684143
33692491
33704062
33706379
33712281
33712983
33716687
33722956
33725319
33729829
33731941
33732230
33751817
33752701
33753288
33753806
33754063
33757539
33771929
33772547
33782102
33786174
33790026
33796011
33809220
33815059
33815876
33817825
33822716
33826017
33826130
33830944
33831408
33841098
33845074
33859429
33860461
33860761
33864777
3386873
33871813
33874992
33887067
33906898
33909046
33917019
33917953
33922541
33922791
33932491
33945688
33955094
33957206
3396055
33967685
33978486
33996824
33997963
34012966
3401764
3401797
3401810
34023416
34026436
34039354
34043998
34046991
34052210
34063751
34083623
34090477
34095364
34102166
34108881
34116113
34126181
34133916
34135725
34136812
34143376
34149871
34162764
34163330
34180393
34184034
34189436
34189720
34203558
34204579
34208995
34209401
34209576
34210781
34215617
34216154
34222228
34226276
34226657
34230222
34232635
34234280
34234509
34262056
34266896
34272368
34276381
34296452
34301831
34307338
34307368
34312446
34324177
34324225
34326719
34332594
34339499
34344859
34345208
34352366
34354206
34358632
34360588
34391817
34399014
34407673
34411438
34413515
34414417
34419458
34421599
34425092
34426831
34440859
34445350
34463534
34470083
34475264
34482420
34493624
34510045
34519378
34532319
34535732
34536353
34555537
34556581
34568591
34592167
34594180
34597123
34608154
34611891
34615475
34620853
34621107
34638999
34642237
34644112
34659399
34671051
34672292
34675764
34685544
34691693
34694747
34696422
34706227
34709510
34724108
34724258
34733139
34741343
34742682
34746151
34752805
34753942
34758322
34760884
34783012
34793930
34795557
34801069
34805021
34815315
34815492
34821408
34826234
34830336
34831233
34859219
34862748
34875346
34878841
34881793
34882680
34884750
34896559
34910524
34919424
34919633
34919904
34919990
34921100
34927536
34928285
34934147
34939699
34942863
34943950
34946548
34948040
34949685
34953298
34964254
34968718
34976977
34979285
34990580
34992132
34996870
34997175
35002618
35006609
35007691
35007896
35008713
35012589
35013230
35013317
35027884
3503696
35038560
35041640
35045307
35057094
35064002
35075585
35084774
35089417
35093099
35108221
35114358
35120590
35131394
35142342
35147960
35156232
35159260
35159334
35163829
35169261
35177098
35180864
35181595
35181596
35197316
3520378
35212626
35216076
35216163
35216258
35216347
35219721
35219855
35227685
35229942
35231469
35235649
35244976
35245740
35246314
35253879
35256532
35257169
35262839
35263449
35263591
35274063
35286238
35290180
35297036
35301424
35304325
35308225
35309908
35311644
35328825
35352419
35355405
35359402
35366382
35370549
35378204
35384798
35387328
35387845
35391824
35395831
35398024
35401697
35404932
35407369
35415462
35417697
35420557
35420982
35427157
35428937
35431833
35431894
35436416
35437276
35438410
35440572
35440627
35453609
35453771
35463062
35484375
35488517
35489621
3549332
35494244
35499794
35508608
35513710
35523580
35527434
35544555
35544597
35546898
35549704
35557557
35563582
35563735
35571395
35585091
35592112
35592997
35596050
35600957
35608697
35613864
35620640
35621139
35623085
35635292
35642004
35645295
35645731
35658877
35660650
35662232
35663195
3567534
35677445
35682659
35688821
35691527
35693141
35701158
35711274
35712083
35713703
35714196
35721028
35721494
35722560
35733029
35734219
35742908
35753625
35755774
35763400
35766981
35778276
35781329
35781632
35788684
35789154
35789199
35790401
35794952
35795546
35802027
35802479
35805100
35812078
35814025
35817941
35821139
35831747
35832093
35837770
35839257
35839463
35842727
35843530
35852018
35862101
35863892
35865113
35881792
35883691
35891396
35892578
35893124
35905716
35910251
35929192
35930664
35935830
35940133
35946603
35947652
35947657
35954220
35955777
35957644
35970565
35972048
35985609
35987207
35989628
36001957
36001959
36002261
36005540
36005652
36012294
36018285
36030507
36032155
36035422
36038084
36041089
36047706
36047895
36059036
36062543
36063728
36064443
36070693
36070749
36077386
36078147
36096452
36098941
36111973
36112675
36122436
36122891
36123116
36130946
36131367
36142668
36147469
36153788
36164389
36165697
36171630
36183551
36198922
36200018
36205081
36206829
36208823
36212746
36217300
36219306
36220098
36222860
36224192
36225138
36225731
36228753
36239623
36244503
36253194
36279927
36292593
36293482
36300003
36300492
36307327
36309325
36317923
36319770
36322758
36323693
36330921
36332693
36342840
36343243
36346049
36347996
36351637
36352508
36353976
36355279
36358985
36359244
36359279
36359873
36362410
36367707
36369674
36375841
36378884
36379705
36384142
36387996
36389226
36406277
36414636
36417989
36427557
36430692
36435223
36435669
36446821
36447271
36454299
36456978
36457019
36469048
36470861
36477165
36493557
36494349
36495293
36497087
36502963
36503433
36505727
36511706
36515788
36517889
36518412
36521641
36522511
36523605
36523606
36526374
36527899
36531963
36534280
36535585
36539177
36543123
36549387
36552766
36555685
36558070
36565839
36572898
36582030
36594417
36596518
36600294
36602876
36603746
36604241
36606407
36609298
36613961
36619671
36632914
36634922
36636356
36640337
36646976
36658269
36669384
36670238
36672939
36675024
36681074
36682427
36685285
36689118
36692868
36706583
36706756
36709316
36717229
36724256
36731593
36732074
36738360
36745812
36746627
36747743
36751497
36754291
36755196
36760711
36760795
36769244
36778402
36778455
36779429
36780706
36789440
36790089
36790600
36793056
36795650
36795937
36798230
36798256
36798305
36802096
36802490
36822549
36829105
36830865
36831191
36834819
36834863
36849419
36851385
36861884
36862758
36869630
36875652
36878900
36881916
36890536
36890580
36891289
36899880
36899935
36907039
36908795
36923257
36926720
36926732
36929272
36933672
36941249
36945647
36949514
36959176
36965272
36982563
36989922
36993156
36993487
36993549
36993675
36996816
37008784
37009893
37011512
37024457
37024714
37037606
37042514
37047673
37052506
37058328
37058884
37061531
37062541
37065628
37069415
37071544
37071991
37072176
37078471
37081894
37085487
37086653
37089690
37091921
37091922
37091972
37098741
37101159
37107596
37108160
37116573
37122622
37130013
37132422
37141091
37143090
37146420
37151704
37162198
37164277
37169167
37181649
37184061
37184766
37189610
37189722
37191946
37192168
37203250
37205586
37209755
37209925
37214832
37219511
37222453
37225085
37229393
37230034
37232721
37237366
37239034
37245024
37248485
37250159
37252110
37254876
37255597
37256231
37261953
37263022
37263748
37266845
37268261
37268884
37271245
37274077
37275123
37292815
37296418
37298510
37300483
37301236
37302106
37307933
37310176
37311391
37314324
37316834
37318482
37321346
37322485
37323952
37331719
37333142
37342222
37350296
37352102
37358404
37358763
37364904
37364956
37372067
37373015
37375678
37379844
37387350
37390228
37393008
37396927
37398373
37400913
37404570
37408194
37408252
37409016
37409161
37415149
37416507
37420254
37422446
37426069
37426070
37428606
37428799
37429840
37429920
37431178
37431690
37433357
37435356
37446267
37446309
37449270
37451382
37454976
37460002
37461716
37466104
37480121
37487001
37488606
37490477
37491316
37491366
37499731
37499732
37506696
37508016
37508337
37508505
37508522
37508553
37510276
37513935
37515770
37516665
37519464
37522205
37522903
37527036
37531284
37536460
37536468
37541364
37544025
37544280
37545882
37549281
37549863
37557931
37558465
37558489
37561576
37565586
37566085
37567873
37570807
37571859
37573381
37575185
37583068
37586670
37589341
37590318
37601663
37602313
37607511
37609338
37612280
37620636
37620687
37625400
37626842
37628946
37632751
37643861
37645786
37646205
37652153
37661398
37662111
37664458
37670183
37670849
37676252
37677864
37678424
37679556
37680455
37685993
37686068
37694813
37699714
37704057
37715822
37717320
37722630
37723282
37724425
37730077
37734489
37735133
37741476
37745506
37745577
37750011
37752222
37759720
37759750
37765015
37767857
37769745
37770578
37774678
37774703
37776822
37782409
37790525
37802154
37804908
37808550
37808721
37808793
37813564
37818457
37821496
37827357
37828581
37839543
37842013
37846879
37848154
37849734
37850843
37855059
37856988
37858465
37861348
37865094
37865172
37871020
37880726
37897635
37902086
37904733
37905110
37905690
37905881
37908201
37913832
37914099
37920548
37922650
37928061
37935390
37946050
3794768
37952941
37954847
37961316
37966802
37971169
37972801
37982893
37982909
37986872
37993435
37995077
38001081
38009291
38017229
38018559
38019816
38025269
38026700
38027526
38031883
38034615
38035103
38037126
38039760
38040957
38041203
38042358
38048572
38048911
38049579
38052490
38061442
38061485
38061598
38062822
38063486
38063851
38063857
38065687
38070510
38072668
38079108
38081433
38086421
38092092
38098004
38099204
38100125
38100348
38103552
38104297
38109417
38115011
38124666
38128478
38128553
38129829
38130682
38130706
38131065
38136181
38138271
38139158
38150991
38153347
38160720
38164435
38165577
38169121
38175307
38183697
38187773
38189386
38194455
38198524
38200558
38201256
38203645
38205939
38218422
38220100
38233467
38234039
38234370
38234719
38235522
38237223
38238869
38243138
38243270
38250473
38253131
38255806
38256220
38267224
38272160
38273939
38274000
38275076
38281554
38282243
38285948
38286212
38286816
3828808
38290943
38291291
38296898
38299414
38301267
38302444
38302679
38306957
38307239
38308742
38311876
38316233
38317079
38317856
38324685
38325603
38327788
38328050
38328054
38328230
38336455
38336783
38336823
38339065
38339931
38341160
38343792
38345852
38347588
38351345
38352230
38360694
38365827
38366596
38367135
38368288
38368493
38374922
38377469
38378000
38378993
38379852
38383421
38383451
38388443
38391176
38394221
38401853
38403785
38405978
38407295
38408409
38413577
38413974
38418142
38418961
38419348
38419656
38424560
38425430
38428149
38428662
38433209
38454080
38454456
38454572
38461575
38464172
38466355
38468126
38470994
38474350
38478593
38482984
38484078
38491393
38492880
38494056
38499658
38499770
38507412
38512806
38515582
38515837
38519480
38523796
38526172
38527808
38529793
38547853
38556235
38558276
38558995
38559094
38559194
38563133
38564082
38569887
38572811
38573620
38575351
38578425
38579710
38583642
38585718
38585903
38586011
38587319
38588609
38597275
38600346
38607082
38609392
38615162
38616269
38616340
38617282
38617359
38619274
38619396
38619745
38625414
38626829
38627616
38635025
38636737
38641312
38645099
38649789
38649885
38652118
38653248
38655254
38656873
38657455
38659601
38659783
38659965
38661628
38664711
38665289
38665923
38667283
38667284
38671928
38677614
38678325
38680125
38680664
38682184
38683849
38685116
38685395
38694818
38696691
38697111
38697376
38700092
38702277
38702968
38704134
38705380
38705386
38705582
38710514
38710792
38711167
38712515
38715438
38715940
38716191
38716911
38718086
38719542
38731925
38732080
38736483
38740723
38740862
38742374
38746264
38746353
38749701
38749703
38750507
38753713
38757355
38760361
38765267
38766008
38766100
38767492
38768086
38769116
38771121
38772376
38772389
38773070
38774716
38776957
38777609
38782037
38784707
38788462
38789025
38790414
38794866
38796120
38797491
38797642
38798371
38798631
38798919
38799363
38799640
38801867
38802497
38802940
38803690
38806019
38807019
38812131
38812132
38812795
38818565
38822570
38822888
38824526
38824862
38825188
38826423
38829008
38832126
38837406
38839450
38844781
38852346
38853430
38853911
38854016
38854068
38856719
38857757
38866101
38866307
38867419
38869055
38869170
38871922
38873887
38874539
38874704
38877037
38884356
38884701
38884890
38885342
38886955
38891060
38891838
38892268
38895467
38899522
38901782
38902233
38902501
38902954
38908437
38911505
38914181
38915601
38915682
38916997
38919332
38922584
38924630
38934402
38935534
38941038
38943193
38944834
38946727
38950712
38951500
38953282
38953358
38954546
38956047
38956598
38957991
38963310
38964236
38968355
38969669
38970263
38970771
38971831
38972528
38976650
38978579
38981241
38984997
38985832
38989725
38992091
38994205
38996862
39001579
39001828
39002557
39004556
39005466
39006266
39010274
39013758
39014482
39019419
39019831
39019902
39021082
39022554
39023472
39024571
39026883
39026894
39029718
39038049
39038054
39044253
39049445
39049677
39049737
39051052
39052311
39053342
39053491
39056112
39056459
39058101
39061901
39062584
39062586
39071343
39071803
39075851
39080439
39082157
39084624
39085403
39085433
39088104
39090706
39091874
39092597
39092980
39094925
39095712
39097075
39097202
39100534
39103042
39103432
39104171
39106637
39107952
39110121
39110896
39117135
39117458
39118084
39125902
39128818
39129007
39129597
39131206
39131322
39135103
39137042
39138952
39142020
39143322
39145525
39146784
39146834
39147780
39147805
39147870
39149260
39149275
39149327
39149479
39150780
39150855
39151815
39153477
39154823
39160534
39162089
39163103
39164609
39165217
39165552
39166965
39167527
39175009
39175614
39179163
39179543
39181091
39184151
39185167
39187496
39187498
39189039
39190095
39191233
39196941
39201471
39201760
39208980
39209271
39211115
39211155
39211205
39211289
39213705
39216363
39216604
39217398
39218334
39223316
39226899
39227432
39229003
39229501
39231135
39237258
39241940
39242637
39248158
39248184
39256856
39257292
39258392
39262634
39264078
39266660
39270422
39273043
39273404
39275198
39279139
39280110
39281200
39282551
39283947
39286984
39288278
39289367
39289743
39290629
39292993
39293726
39294490
39294491
39296792
39298911
39299524
39302915
39306926
39309007
39312069
39314274
39314432
39315290
39316454
39316663
39322088
39330662
39331260
39334385
39334471
39335582
39336709
39341123
39342323
39343157
39343248
39343864
39345609
39348888
39349708
39352758
39353531
39354096
39358505
39358515
39362869
39363566
39364751
39365861
39368367
39369673
39369942
39372212
39373184
39378238
39379106
39380132
39384784
39385216
39385328
39385724
39388038
39390105
39395173
39395801
39396583
39397138
39399478
39400871
39401246
39403354
39404404
39405611
39410470
39413662
39415987
39417702
39418315
39418974
39419973
39422297
39422771
39423130
39424593
39425831
39426597
39428261
39430007
39432130
39432578
39434411
3943574
39436959
39439207
39443792
39443966
3944613
39448264
39448421
39448558
39454712
39454823
39454959
39456234
39457654
39460767
39462587
39464051
39464113
39468302
39468810
39470011
39472064
39474128
39476834
39478010
39479522
39479525
3948019
39483283
39484533
39486549
39486750
39487531
39495206
39496877
39497181
39497922
39499086
39501347
39501367
39502232
39502712
39507234
39509820
39510187
39511253
39511452
39513226
39513718
39514655
39515193
39515743
39516839
39519382
39520950
39522675
39523084
39524152
39527695
39528076
39528654
39533375
39537633
39539344
39541841
39542222
39543710
39546236
39547013
39547137
39548091
39549301
39554021
39554158
39556088
39560718
39563263
39563384
39565097
39565473
39565476
39566164
39566199
39566569
39571180
39571412
39572246
39574580
39574602
39574703
39576177
39577546
39579879
39581526
39582341
39586495
39587077
39587614
39590788
39592519
39592901
39595866
39596039
39596376
39600753
39601128
39601342
39603147
39603439
39605053
39605489
39605607
39605970
39606464
39609469
39612772
39613948
39617069
39620278
39621042
39622127
39627718
39630234
39630796
39630860
39631525
39635339
39636369
39638053
39638084
39638160
39639706
39640066
39640361
39655431
39658258
39660280
39660722
39662274
39662468
39662469
39667432
39669779
39670872
39671287
39672006
39674558
39674999
39676242
39677714
39677723
39679284
39679967
39680498
39682753
39683446
39684432
39684454
39688729
39689508
39694033
39694512
39696712
39700092
39705601
39706027
39706400
39707549
39708360
39710406
39711014
39713343
39713427
39713675
39713857
39715050
39715591
39716588
39719419
39720203
39723529
39723955
39727181
39733846
39736328
39738113
39739796
39742087
39742728
39743758
39743824
39745107
39748107
39752254
39755654
39756479
39756488
39756602
39757190
39760225
39762704
39762890
39764391
39765233
39767773
39768149
39768199
39769444
39769476
39770480
39773461
39775628
39776340
39781518
39786996
39791204
39792083
39795039
39795928
39796258
39801411
39803317
39803440
39803455
39805973
39809135
39814102
39815080
39816479
39818100
39818240
39819053
39820440
39823226
39826286
39826808
39826850
39826860
39828175
39828391
39828493
39829151
39829763
39829829
39830600
39830834
39834143
39836995
39837665
39838550
39840011
39841378
39841769
39841785
39841801
39844567
39848563
39849616
39853366
39854137
39855567
39859255
39859289
39859527
39862276
39863205
39863723
39868262
39868302
39870225
39873265
39876841
39878319
39878527
39880975
39881343
39881403
39882184
39883258
39885664
39885671
39886845
39887034
39887579
39890465
39892653
39894839
39896510
39896554
39896839
39899938
39900301
39901658
39902831
39903245
39904419
39907280
39908354
39908361
39909575
39909827
39910578
39914998
39916305
39918021
39918276
39918958
39919748
39921858
39922196
39928319
39928878
39933923
39934409
39939952
39939990
39940010
39941065
39947060
39947903
39947921
39948097
39952243
39952675
39954753
39960809
39962142
39971261
39976017
39978694
39979512
39981647
39982429
39983721
39983813
39986582
39987253
39990224
39992313
39994786
39995020
39996443
39998572
40001048
40001467
40004079
40004165
40004197
40005158
40007062
40007441
40009768
40010415
40011708
40012088
40013092
40013539
40013665
40014928
40015160
40020465
40020661
40020682
40022159
40023084
40023165
40024378
40025549
40027695
40027825
40033126
40033399
40038554
40038579
40042046
40045094
40045983
40046193
40046779
40047147
40050271
40055915
40060592
40060631
40062373
40064689
40066845
40067889
40069725
40070845
40071146
40071382
40076536
40076985
40081797
40083716
40085800
40086438
40089466
40090397
40091563
40093155
40096531
40096942
40097074
40097701
40097739
40098221
40099400
40102346
40102920
40102931
40102979
40105085
40111744
40118134
40119471
40121723
40123570
40124111
40129897
40131427
40131628
40132579
40133398
40135474
40135489
40136014
40139118
40140173
40140727
40145959
40147140
40147437
40149732
40149917
40153532
40154783
40158710
40159228
40160243
40160866
40160967
40161680
40161792
40162625
40164018
40164278
40164568
40164771
40164963
40165404
40166171
40166333
40168840
40169737
40172819
40173259
40173416
40174732
40180271
40183101
40183725
40184457
40186569
40186700
40191172
40192438
40196480
40197717
40202009
40203794
40205829
40206188
40208864
40210948
40211367
40214486
40215692
40216618
40223353
40225581
40226558
40226590
40228897
40231201
40236059
40237440
40237879
40238116
40238937
40240791
40243192
40243752
40244609
40246008
40247718
40248869
40250422
40250505
40250506
40250747
40251678
40252709
40253585
40257863
40259915
40260513
40260574
40260688
40268889
40269193
40270025
40273622
40274177
40275713
40276524
40276610
40285987
40288163
40290135
40290928
40292574
40294259
40296722
40297942
40298778
40299956
40300336
40301833
40302265
40303325
40305608
40307424
40307547
40307619
40309782
40309832
40309861
40319295
40319820
40320169
40320404
40320888
40326503
40326987
40326988
40329084
40332155
40332246
40334893
40334957
40339898
40346446
40347216
40349307
40350143
40351431
40355468
40356707
40357342
40357558
40358154
40359437
40360091
40362495
40362555
40367180
40367194
40368421
40369367
40370244
40372562
40372911
40373133
40373916
40374143
40375112
40375298
40381490
40383349
40385215
40385540
40387341
40389478
40389788
40393021
40393805
40393806
40393948
40394721
40394784
40396132
40403093
40403704
40403956
40404520
40404610
40407281
40407976
40408248
40410151
40412587
40415486
40416793
40418513
40419128
40419671
40422238
40422253
40424150
40427481
40428076
40430479
40433412
40436489
40441597
40445481
40446939
40447200
40447447
40448601
40449702
40457435
40459218
40461201
40461639
40461641
40462897
40463061
40466935
40468400
40469112
40473101
40473102
40473698
40474504
40475459
40480021
40480296
40480622
40483628
40484286
40491382
40494015
40497945
40498845
40498903
40501958
40502070
40505843
40506721
40507093
40509986
40515398
40521191
40522192
40523053
40526043
40526299
40532892
40537013
40537026
40538127
40539096
40540175
40540401
40540723
40540863
40541184
40542774
40542954
40546958
40547867
40553107
40553820
40554285
40555136
40555173
40557328
40559452
40560934
40563122
40564148
40564155
40568147
40568341
40568449
40568906
40569385
40569386
40569529
40572015
40574972
40576866
40581279
40581986
40582160
40584168
40585099
40585354
40586216
40586933
40587054
40588373
40588527
40591712
40591821
40593211
40593463
40593476
40593621
40593693
40593993
40594196
40594855
40594882
40601035
40601171
40602590
40602592
40602692
40602716
40604900
40606597
40608414
40609205
40609609
40610448
40611059
40611890
40614664
40615465
40617369
40618255
40618257
40618962
40619245
40620065
40622667
40625683
40628524
40629421
40630486
40632503
40633148
40633527
40634288
40634490
40634533
40635095
40637615
40638555
40638729
40640134
40640163
40640940
40641311
40641624
40643469
40643877
40644302
40644312
40650180
40650905
40651475
40652073
40653016
40653137
40654873
40654970
40655417
40658097
40658351
40659199
40659335
40661531
40661548
40663606
40664505
40665921
40667135
40667180
40667237
40667376
40667795
40668033
40669459
40669469
40669526
40669574
40670580
40671907
40672170
40672222
40672223
40672338
40672359
40673561
40674920
40675361
40675364
40676207
40676366
40676806
40679549
40680137
40681082
40681111
40681754
40682198
40682689
40683857
40688448
40690139
40691464
40691843
40691915
40691988
40691996
40691997
40692041
40692140
40692582
40692797
40694323
40695284
40695323
40696327
40697771
40698639
40698928
40701030
40701795
40702081
40702288
40702335
40705602
40706912
40707359
40708193
40708226
40708929
40710321
40711884
40712813
40713978
40714176
40715563
40719343
40720543
40722873
40722938
40725215
40728770
40728951
40732240
40732762
40734274
40736328
40737354
40737431
40737621
40738116
40738257
40738401
40738972
40738983
40739836
40740537
40741408
40744406
40745198
40747365
40747870
40748429
40748498
40748935
40749295
40749390
40749667
40749675
40749764
40749850
40749978
40750707
40750918
40751749
40752286
40752419
40752677
40752823
40753165
40754295
40755418
40757895
40759954
40759959
40762575
40762869
40763027
40764462
40765420
40766184
40766348
40766391
40766629
40766710
40766714
40768176
40769582
40769724
40770448
40772404
40773345
40773858
40774008
40774523
40774956
40777052
40777258
40777437
40777440
40777496
40777511
40778166
40778180
40778848
40779453
40780198
40782609
40783783
40784489
40784614
40785672
40785673
40786514
40787791
40788248
40788992
40789027
40789514
40789519
40789790
40789910
40793979
40796654
40796734
40799955
40800612
40801561
40803247
40803344
40803418
40804030
40804068
40806305
40806441
40808418
40808466
40810046
40810178
40813582
40814757
40815371
40815895
40816423
40818542
40819795
40822305
40822710
40822932
40823647
40824267
40824908
40825043
40825461
40826298
40826429
40827426
40828199
40828210
40829711
40830106
40832272
40834529
40835090
40835974
40836920
40836921
40837231
40837338
40838120
40838889
40839402
40839990
40840740
40840764
40841755
40841922
40842083
40843375
40845589
40849085
40850072
40850118
40851915
40853072
40853839
40854122
40854377
40854851
40854854
40855779
40855884
40856063
40856260
40857535
40858115
40858498
40859407
40859434
40860183
40864044
40864701
40865515
40867556
40867817
40867858
40869328
4087324
40874111
40874679
40874950
40874959
40876387
40878588
40878676
40880902
40882295
40882640
40883305
40883541
40884715
40885740
40885843
40889548
40889599
40889626
40889718
40890044
40891315
40893772
40894883
40898759
40901731
40902363
40902785
40902890
40903433
40904086
40904189
40905115
40906600
40906893
40908363
40909715
40909733
40909740
40911604
40912481
40913114
40913382
40913417
40913850
40914941
40915350
40915372
40917034
40923850
40925375
40925537
40925913
40926398
40928446
40928671
40930069
40930429
40930851
40930975
40931016
40931435
40931903
40932621
40933142
40933555
40933828
40935161
40936901
40937943
40938469
40939874
40939884
40940805
40943590
40943611
40944410
40947210
40948118
40948240
40949992
40950038
40950315
40952346
40953492
40953621
40954308
40956303
40956790
40957680
40957896
40964255
40964342
40964350
40964352
40964369
40965744
40966716
40966909
40967100
40968594
40969949
40970279
40970384
40970668
40971616
40972014
40973539
40973988
40974911
40974976
40975514
40976063
40978140
40978478
40979221
40980564
40981364
40981440
40982340
40982631
40983656
40986450
40989020
40990232
40990460
40990867
40991359
40991444
40991929
40992081
40992158
40992632
40993788
40993817
40995147
40995636
40996819
40996886
40997732
40997800
40998079
40998797
40998967
40999499
40999978
41000816
41000870
41000949
41001342
41002438
41003335
41004162
41004595
41005748
41006059
41006289
41007162
41007615
41007671
41008339
41011666
41014002
41015225
41015610
41015675
41016417
41017285
41020809
41022231
41022714
41024154
41024185
41026106
41026285
41026781
41028235
41028611
41030959
41030991
41031411
41031565
41031790
41032042
41032616
41033366
41033505
41034505
41035691
41035985
41036704
41036858
41038645
41039658
41040164
41040194
41040356
41040381
41040386
41041541
41044179
41044292
41044782
41045324
41046120
41047028
41047869
41050085
41051362
41051886
41053007
41053079
41054222
41057266
41057292
41059408
41061180
41062177
41062626
41063636
41065753
41066233
41066238
41066815
41067488
41067490
41067533
41067554
41067657
41067867
41068287
41069851
41070779
41071659
41072418
41072852
41073785
41074411
41074587
41074918
41075109
41075614
41076007
41077262
41077782
41078222
41081805
41082132
41083122
41085070
41086129
41086555
41087617
41088362
41088801
41089376
41090114
41090351
41091273
41093091
41096688
41096819
41096912
41096948
41097703
41099251
41099477
41099890
41102253
41102495
41102947
41103369
41106458
41106565
41106723
41107227
41107435
41107567
41109213
41109356
41109357
41109628
41109661
41110322
41110386
41110633
41114164
41114763
41115591
41115592
41115623
41117194
41117203
41117854
41118075
41120320
41120412
41121478
41122489
41122815
41123294
41124286
41124744
41125938
41128616
41128819
41129307
41130560
41131096
41131280
41132091
41135808
41136336
41137858
41138232
41138449
41138684
41138886
41138887
41139155
41139459
41139934
41141865
41142989
41144763
41145040
41146571
41146729
41146852
41147598
41148802
41148821
41151694
41151739
41151741
41151971
41152472
41152705
41152868
41154783
41155270
41155671
41157886
41158870
41161374
41162148
41162333
41162989
41163107
41164797
41164881
41165838
41166304
41167421
41168634
41168840
41170190
41170192
41170558
41170608
41171540
41172727
41173004
41173849
41174779
41175309
41175870
41175961
41176055
41177382
41177517
41178492
41178527
41178751
41182502
41182521
41182993
41183930
41184264
41185035
41185454
41187662
41187901
41188622
41188983
41190695
41190785
41191052
41191239
41191762
41192571
41193527
41194006
41196123
41196431
41196513
41196656
41197271
41197814
41199250
41199863
41200796
41200991
41201178
41203107
41203358
41203933
41204078
41204430
41204659
41204992
41205932
41206393
41207425
41207647
41208869
41209511
41209978
41210662
41210984
41210995
41212632
41213089
41214530
41215663
41216853
41216863
41216933
41218078
41219303
41220152
41221280
41222174
41222740
41223222
41223665
41223759
41224089
41224673
41225027
41225538
41226706
41226766
41229730
41230906
41231278
41231769
41232363
41232812
41232865
41233732
41234167
41235113
41235731
41236660
41237446
41237773
41237868
41237937
41238086
41238578
41239109
41239323
41239822
41240221
41241047
41241084
41242461
41242496
41242564
41242751
41242999
41243990
41244423
41244569
41246212
41247242
41248289
41249175
41249439
41249698
41249794
41250541
41250830
41251816
41252060
41252153
41253024
41253191
41253293
41253765
41253783
41253827
41254317
41254485
41254855
41255373
41255715
41256473
41256504
41256544
41256555
41256631
41256717
41256729
41258081
41258570
41259264
41259378
41260345
41261095
41261395
41261421
41262005
41262011
41262976
41263186
41264417
41264461
41265444
41265445
41265729
41266979
41268309
41268795
41268909
41270048
41270212
41270366
41270820
41271186
41271441
41271626
41271638
41272072
41272323
41272343
41272776
41273237
41274421
41274977
41275794
41275824
41275829
41275955
41276060
41276614
41276712
41276822
41277173
41277219
41277766
41277876
41278743
41278756
41278794
41278839
41278896
41278933
41279121
41279127
41279286
41279422
41279828
41279838
41279860
41279930
41279990
41279997
41280023
41280113
41280314
41282719
41283828
41284099
41284105
41284553
41284713
41284727
41285237
41285581
41285804
41286187
41286351
41286443
41286488
41286926
41286951
41287335
41287416
41287930
41288771
41289979
41290763
41292750
41292806
41292969
41292970
41293173
41294244
41294810
41295080
41296065
41296227
41296447
41298377
41298385
41298447
41298946
41299075
41299083
41299521
41299690
41300478
41300494
41301925
41302501
41303527
41304462
41305549
41305866
41306151
41306414
41306485
41307255
41307399
41307849
41308252
41308531
41308849
41308879
41308943
41308993
41309549
41310259
41310721
41310892
41310943
41311084
41312550
41312696
41312722
41312780
41313464
41313510
41313541
41313847
41314046
41314326
41314358
41314433
41314454
41314456
41314457
41314506
41314760
41315084
41315244
41315878
41316345
41316924
41317007
41317232
41317238
41317242
41317245
41317319
41317710
41318982
41319277
41319464
41319756
41319932
41320339
41320901
41321280
41321642
41322115
41322279
41323734
41324080
41324423
41324729
41324819
41325349
41325462
41325558
41325666
41325882
41325895
41325908
41326174
41326234
41326489
41327394
41327445
41327464
41327481
41329158
41329676
41330169
41330289
41330618
41330945
41331335
41331442
41331484
41331492
41331534
41331608
41331761
41331787
41332133
41332626
41332659
41332760
41332761
41332777
41333428
41333436
41333446
41333684
41335262
41335598
41337600
41338386
41338431
41339644
41339882
41339935
41340486
41340825
41341504
41343751
41343940
41344159
41344438
41344513
41345250
41345286
41345651
41345807
41345945
41346012
41346705
41346798
41347142
41347267
41347875
41348428
41349710
41349784
41349805
41350273
41350397
41350587
41350728
41350853
41351316
41352005
41352176
41352383
41352427
41352576
41352619
41352678
41353172
41353187
41353441
41353607
41353685
41354126
41354256
41354838
41354840
41355951
41356184
41356342
41356420
41356497
41356805
41358548
41358563
41359239
41359849
41360225
41360305
41360776
41360811
41360924
41361221
41361415
41361922
41362612
41362755
41362758
41364215
41364504
41365163
41365200
41365479
41365875
41365961
41366546
41367193
41367311
41367337
41367412
41368584
41369184
41369341
41369361
41369397
41371307
41371505
41371564
41371582
41372348
41372468
41372741
41372746
41373119
41373402
41373470
41373553
41373871
41374214
41376591
41378204
41378901
41378902
41379556
41379572
41379615
41380753
41380931
41381000
41381012
41381355
41381361
41381494
41381593
41381735
41381789
41381865
41382294
41382340
41383781
41384508
41384842
41384984
41385887
41386334
41386343
41386344
41386631
41386992
41387112
41387185
41387389
41387458
41387999
41388004
41388125
41388238
41388750
41389094
41390005
41390190
41390199
41390288
41390345
41390406
41390430
41390724
41390775
41390791
41391282
41392096
41392188
41392689
41394218
41394306
41394571
41394593
41394661
41394676
41394728
41394809
41394927
41396857
41397139
41397289
41397304
41397375
41397593
41397957
41398220
41398371
41398477
41399375
41400090
41401008
41401255
41401891
41402464
41402480
41402523
41403183
41403257
41403736
41404033
41404412
41405732
41405993
41406210
41407133
41407537
41407675
41407725
41408325
41408425
41408486
41408652
41408653
41409708
41410028
41410237
41410740
41410814
41411488
41411911
41412265
41412321
41412416
41412471
41412473
41412584
41413032
41413096
41413252
41413742
41413871
41414737
41415377
41415433
41415446
41415451
41415455
41416480
41416810
41416952
41417669
41417730
41418346
41418368
41418406
41418665
41418924
41419151
41419329
41419771
41419794
41420380
41420389
41421409
41421467
41422072
41422263
41422506
41422573
41423001
41423038
41423235
41423516
41423560
41423609
41423984
41424620
41424796
41427288
41427297
41427315
41427361
41427363
41427398
41427402
41429417
41429622
41429904
41430213
41430713
41431249
41431298
41431988
41432414
41432545
41433132
41435451
41436246
41436584
41437203
41437985
41438029
41438078
41439063
41439974
41439981
41440947
41441036
41441180
41441219
41442144
41442501
41442993
41443304
41443375
41443382
41443536
41444418
41444479
41444595
41444604
41444620
41444962
41445196
41445559
41446112
41446203
41446259
41446777
41448357
41448359
41448378
41449885
41450435
41450734
41450935
41451130
41451134
41451136
41451335
41452414
41453296
41453429
41453498
41453579
41453656
41453865
41453885
41453932
41453989
41454086
41454150
41454669
41455574
41455707
41456048
41456806
41456815
41456906
41457140
41457700
41458176
41459533
41459640
41459700
41459724
41459783
41459809
41460562
41460594
41461220
41462040
41462062
41462261
41462629
41462664
41462694
41462978
41465306
41465378
41465379
41465455
41466064
41466073
41466111
41466252
41466819
41467351
41467352
41467385
41467429
41467432
41467442
41467463
41468306
41468865
41468939
41468982
41469022
41469216
41469305
41469443
41469684
41469822
41469845
41469939
41470022
41471288
41472677
41472680
41472685
41472709
41472803
41473826
41474220
41474619
41475282
41475444
41476182
41476238
41476679
41477009
41478512
41478538
41479769
41480156
41480183
41480494
41480690
41480772
41480862
41481033
41481422
41481722
41482209
41482373
41482508
41482800
41483106
41483148
41483388
41483449
41483451
41483707
41483717
41483808
41483811
41483847
41484215
41484449
41484716
41485542
41485550
41485949
41486756
41487103
41487527
41488110
41488468
41488668
41488780
41489040
41489183
41490873
41491310
41491494
41492208
41492840
41493057
41493130
41493658
41493675
41493797
41494276
41494606
41495247
41495462
41496208
41496219
41496361
41496652
41497625
41498853
41498857
41498859
41499397
41499524
41500082
41500376
41501419
41501518
41501526
41502392
41502569
41502827
41502945
41503135
41503231
41503885
41503997
41504311
41504438
41504596
41505223
41505352
41506089
41506439
41506447
41506491
41507136
41507195
41507360
41507368
41507615
41507940
41508056
41508080
41508084
41508407
41508773
41508915
41509240
41509242
41509243
41509259
41509288
41509319
41509379
41509422
41509446
41509452
41509479
41509487
41509502
41510157
41510238
41510265
41510568
41510757
41510815
41511193
41511720
41512697
41512866
41512920
41512994
41513001
41513466
41513579
41513580
41513621
41513633
41513671
41513963
41514046
41514249
41514464
41514493
41514769
41515173
41515419
41515932
41515994
41516045
41516093
41516104
41516171
41516175
41516261
41517150
41517379
41518087
41518269
41518397
41518466
41518899
41519054
41519130
41519184
41519276
41519279
41519323
41519370
41519472
41519486
41520051
41520115
41520366
41520368
41520557
41520608
41520738
41520965
41520969
41521294
41521301
41521423
41522357
41522361
41522363
41522370
41522629
41523237
41523267
41524160
41524944
41524965
41524974
41524992
41525081
41525265
41525334
41525686
41525808
41525841
41526154
41526181
41526227
41526342
41526356
41526373
41526954
41527097
41527288
41527520
41527932
41528806
41529217
41529472
41529512
41529779
41530786
41531015
41531173
41531955
41532272
41532295
41532391
41532473
41532701
41533007
41533048
41533526
41533935
41533967
41534279
41534472
41534569
41534726
41535231
41535282
41535455
41535675
41535868
41535926
41536029
41536627
41536982
41537229
41538098
41538329
41539348
41539386
41539453
41539460
41539563
41539588
41540146
41540272
41540456
41540476
41540500
41540706
41541494
41541863
41542058
41542443
41542444
41542458
41542460
41542463
41542503
41542541
41542562
41542573
41542576
41542620
41542626
41542772
41543632
41543792
41543799
41543886
41543988
41544469
41544633
41544679
41544684
41544691
41544892
41544964
41545369
41545370
41545416
41545445
41545794
41545890
41546066
41546116
41546430
41546484
41546868
41546913
41547067
41547415
41547434
41547454
41547529
41547853
41548145
41548647
41548752
41548765
41548801
41549079
41549129
41549331
41549381
41549460
41549518
41549607
41550140
41550298
41550466
41550504
41550591
41550868
41551223
41551770
41551919
41552824
41552852
41552909
41553142
41553195
41553434
41553565
41553760
41554184
41554345
41554366
41554367
41554449
41554453
41554650
41554867
41554902
41554990
41555028
41555187
41555207
41555217
41555513
41555721
41556073
41556260
41556307
41556401
41556402
41556467
41556493
41556916
41557015
41557095
41557097
41557142
41557490
41557596
41557654
41557758
41557790
41557791
41557802
41558195
41558259
41558272
41558279
41558292
41558294
41558301
41558302
41558574
41558810
41558963
41558964
41559025
41559062
41559082
41559137
41559471
41559633
41559687
41559779
41559886
41560298
41560494
41560531
41560563
41560679
41560707
41560720
41560741
41560797
41560805
41560810
41560817
41560889
41561139
41561153
41561322
41561355
41561638
41561767
41561769
41562085
41562086
41562096
41562114
41562149
41562200
41563201
41563239
41563449
41563498
41563530
41563538
41563573
41563804
41563806
41564155
41564340
41564519
41564656
41564845
41564863
41565025
41565140
41565157
41565199
41565295
41565647
41565813
41565897
41565972
41565998
41566015
41566372
41566417
41566528
41566532
41566611
41566645
41566697
41566774
41566798
41566827
41566883
41566950
41567032
41567033
41567189
41567638
41567640
41567998
41568103
41568397
41568451
41568549
41568550
41568710
41568718
41568761
41568945
41569342
41569693
41570334
41570364
41570413
41570696
41570742
41570745
41570746
41570768
41570770
41570801
41570802
41570808
41570949
41570993
41571051
41571052
41571063
41571092
41571169
41571201
41571203
41571206
41571208
41571210
41571322
41571339
41571368
41571794
41571954
41572068
41572117
41572174
41572339
41572590
41572697
41572698
41572801
41572812
41573007
41573293
41573336
41573339
41573364
41573371
41573517
41573568
41573684
41573818
41573825
41573835
41573856
41573858
41573892
41573902
41573903
41573914
41573916
41573926
41573959
41574049
41574208
41574280
41574349
41574471
41574607
41574639
41574704
41574767
41574776
41575153
41575215
41575292
41575349
41575677
41575687
41575692
41575890
41576010
41576028
41576046
41576080
41576329
41576455
41576480
41576504
41576569
41576570
41576607
41576692
41576699
41576713
41576733
41576896
41576949
41576952
41576966
41577012
41577015
41577114
41577115
41577116
41577152
41577253
41577293
41577295
41577323
41577324
41577680
41577699
41577749
41577803
41577835
41577839
41577894
41578026
41578131
41578304
41578740
41578866
41579147
41579364
41579511
41579640
41579706
41579709
41579772
41579799
41579929
41579958
41580007
41580010
41580096
41580115
41580116
41580129
41580144
41580180
41580242
41580393
41580488
41580564
41580690
41580748
41580761
41580793
41580833
41580845
41580904
41580910
41580922
41580979
41581227
41581267
41581535
41581589
41581691
41581717
41581803
41582130
41582210
41582221
41582295
41582339
41582342
41582432
41582569
41583003
41583120
41583480
41583504
41584041
41584359
41584649
41585201
41585484
41586523
41586784
41587697
41588007
41588669
41589671
41590079
41590570
41590735
41590739
41590824
41591450
41591717
41592120
41592392
41592618
41592636
41592645
41593130
41593328
41593760
41594543
41594582
41594605
41594624
41594685
41594751
41594774
41595213
41595569
41595625
41595705
41595728
41595780
41595977
41596041
41596189
41596253
41596340
41596404
41596488
41596515
41596522
41596612
41596671
41596754
41597226
41597232
41597243
41597283
41597484
41598260
41598295
41599155
41599634
41599740
41599768
41599931
41601086
41601169
41601171
41601534
41601547
41601638
41601663
41601688
41602856
41602964
41603037
41603051
41603088
41603176
41603470
41604281
41604576
41605285
41605635
41605887
41606310
41606389
41606717
41606738
41606740
41607265
41607294
41607310
41607355
41608022
41608045
41608090
41608354
41608572
41608584
41608631
41608773
41609043
41609049
41609086
41609381
41609618
41609669
41609725
41610043
41610194
41610308
41610514
41610640
41610651
41610670
41610910
41610999
41611011
41611071
41611111
41611119
41611431
41611695
41611698
41611832
41612383
41612595
41612866
41612955
41613150
41614043
41614275
41614276
41614761
41614842
41614941
41615197
41615380
41615535
41615539
41615759
41615798
41616085
41616092
41616221
41616247
41616769
41616944
41616945
41616997
41617009
41617054
41617709
41617874
41617910
41617959
41618002
41618100
41618133
41618417
41619085
41619352
41619450
41619483
41619550
41619726
41619730
41619804
41619823
41619824
41619859
41619923
41620064
41620072
41620154
41620616
41620716
41620782
41620963
41620965
41621300
41621345
41621486
41621572
41621631
41621719
41621756
41621759
41621837
41621902
41622195
41622219
41622228
41622229
41622232
41622440
41622441
41622444
41622463
41622607
41622743
41623018
41623209
41623402
41623426
41623944
41624170
41624205
41624269
41624369
41624512
41624532
41624795
41624867
41625068
41625183
41625231
41625327
41625329
41625367
41625446
41625944
41626561
41626711
41626806
41626841
41627560
41627613
41627775
41627954
41627992
41628027
41628252
41628331
41628337
41628513
41628619
41628675
41628739
41628818
41628837
41628872
41629148
41629326
41629328
41629683
41629960
41630008
41630027
41630162
41630646
41630655
41630901
41631160
41631733
41631736
41632031
41632039
41632089
41632223
41632328
41632357
41632409
41632569
41632758
41632862
41633014
41633065
41633109
41633289
41633359
41633463
41633465
41633496
41633500
41633681
41633682
41633683
41633685
41633843
41633983
41634026
41634038
41634134
41634169
41634367
41634491
41634526
41634791
41634825
41634942
41635085
41635238
41635250
41635485
41636093
41636460
41636844
41637458
41637559
41637585
41637643
41637762
41637841
41637879
41637880
41637926
41637974
41638162
41638211
41638282
41638328
41638362
41638365
41638399
41638448
41638453
41638454
41638470
41638582
41638595
41638908
41639034
41639197
41639229
41639296
41639368
41639535
41639571
41639749
41639932
41640052
41640244
41640693
41641274
41641702
41641769
41642028
41642034
41642401
41642456
41642465
41642509
41642851
41643410
41643677
41643772
41643872
41643884
41643896
41643952
41643990
41644013
41644019
41644029
41644045
41644046
41644924
41644957
41644972
41645176
41645428
41645740
41645805
41645884
41645892
41646256
41646305
41646317
41646359
41646722
41647450
41647828
41648127
41648133
41648159
41648219
41648224
41648229
41648299
41648308
41648327
41648333
41648358
41648392
41648433
41648482
41648527
41648605
41648948
41649029
41649587
41649838
41650189
41650955
41650956
41651006
41651130
41651253
41651254
41651331
41651693
41652102
41652466
41652508
41652899
41652994
41653051
41653093
41653369
41653373
41653834
41654155
41654201
41654312
41655128
41655211
41655237
41655956
41656086
41656496
41656603
41657105
41657552
41657707
41657951
41658005
41659250
41659444
41659492
41659527
41659552
41659608
41659631
41660116
41660371
41660713
41660749
41660757
41660771
41660913
41660999
41661273
41661361
41661409
41662814
41662882
41663365
41663518
41663583
41663610
41663725
41663737
41663919
41664255
41664690
41664961
41665267
41665817
41665948
41666509
41666516
41667192
41667322
41667433
41667819
41668458
41668762
41669683
41669810
41669823
41669872
41669956
41670219
41670366
41671619
41671653
41671657
41672267
41672481
41673386
41673413
41673711
41674056
41674301
41674554
41675054
41675148
41675267
41676156
41676267
41676287
41676491
41676513
41676536
41676656
41676658
41676673
41676684
41676692
41677117
41677350
41677487
41677597
41677619
41677636
41677748
41678018
41678652
41679185
41679362
41679658
41680147
41680210
41680388
41681087
41682133
41683092
41683428
41683722
41683753
41683771
41683831
41683921
41684092
41684176
41684813
41685233
41685577
41685930
41686353
41687341
41687516
41687524
41687759
41687840
41687841
41688008
41689046
41689819
41690071
41690371
41690604
41690606
41690912
41691249
41691288
41691736
41694670
41695452
41695478
41695634
41697880
41698052
41698996
41700379
41700726
41700836
41701561
41703571
41704035
41704300
41705108
41705369
41705475
41706873
41713052
41717643
41720597
41720920
41806931
41807492
41807546
41807703
41807783
41807810
41808202
41808280
41808704
41808818
41808820
41808824
41808880
41808881
41809005
41809039
41809201
41809261
41809373
41809376
41809387
41809448
41809601
41809762
41809768
41809833
41810016
41810066
41810080
41810243
41810435
41810464
41810675
41810942
41811084
41811444
41811476
41811615
41811667
41811858
41811877
41811905
41811913
41811940
41811959
41812061
41812425
41812604
41812636
41812703
41812728
41812831
41812877
41812949
41813494
41813671
41813805
41813862
41813922
41813972
41814078
41814394
41814467
41814504
41814535
41814667
41814682
41814694
41814758
41814803
41814804
41814805
41814814
41815020
41815067
41815335
41815350
41815528
41815863
41816300
41816323
41816332
41816335
41816426
41816920
41816963
41816964
41817010
41817091
41817142
41817190
41817241
41817783
41817957
41818151
41818318
41818388
41818612
6236288
6286894
6320066
6541073
6669222
6692141
6704751
6735913
6759516
6799460
6833366
6854623
6871737
7279294
739762
7399678
7472426
7473243
7496035
7512627
7523657
7531369
7532622
7541464
7542424
7545230
7552257
7595507
7602314
7608775
7637878
7649218
7672037
7682963
7684712
7724046
7757462
7768279
7770093
7780175
7807205
7823180
7834368
7865742
7865756
7867893
7870307
7878486
7881062
7882040
7888091
7891391
7893259
7900546
7905518
7905631
7908327
7910202
7922508
8013444
8015708
8025253
8041510
8067980
8091423
8097029
8105404
8130735
8130739
8131086
8174774
8182424
8219031
8220173
8222212
8254565
8269042
8269910
8293876
8353605
8374785
8391618
8414179
8445386
8517851
8551330
8560505
8569417
8574004
8580436
8582285
8589445
8590057
8601816
8612975
8613725
8622554
8656277
8667191
8682183
8684592
8720859
8723131
8727406
8734612
8737446
8764654
8773258
8774434
8777901
8790426
8792224
8795616
8806824
8809674
8813390
8813613
8822478
8835786
8842007
8845958
8846068
8856327
8861193
8867035
8871236
8873089
8877003
8882815
8899743
8916273
8951866
8956494
8963455
8968330
8980239
8989769
9007838
9008152
9009132
9012853
9030643
9037511
9053809
9070747
9114229
9114256
9114938
9120553
9125425
9134537
9138344
9144722
9144923
9151715
9166734
9169500
9200755
9222366
9236225
9259560
9263914
9284063
9315882
9341716
9342043
9351668
9356167
9357898
9374279
9379833
9401971
9404720
9405697
9427390
9452016
9453214
9469165
9473627
9512003
9527884
9527888
9547227
9551783
9559936
9572279
9572597
9576962
9579645
9593847
9630529
9660094
9660898
9666481
9671097
9697770
9698161
9704888
9725770
9728764
9751170
9751780
9779477
9799628
9802405
9802539
9807061
9819247
9838190
9870570
9880571
9886668
9888296
9889327
9916884
9990652
